	xt	   nt	yt
	62.476	1	15.998
	82.304	5	16.652
	74.679	3	21.741
	39.151	3	7.431
	64.724	5	10.481
	36.786	3	13.548
	83.052	4	23.256
	86.935	1	17.976
	88.233	2	14.161
	38.695	2	8.825
	73.831	7	14.184
	77.122	3	19.604
	45.519	2	13.728
	82.251	2	21.141
	59.862	3	17.446
	26.563	3	9.629
	61.818	2	14.005
	29.682	1	9.160
	50.825	5	18.831
	71.062	4	7.641
	41.990	4	13.882
	37.324	3	9.670
	86.352	5	21.604
	45.506	2	10.866
	69.929	6	28.980
	61.041	2	10.882
	82.469	1	18.561
	44.208	2	11.629
	49.467	5	18.067
	25.905	5	14.539
	79.178	5	19.192
	75.811	3	25.918
	82.718	6	28.833
	48.311	4	15.869
	42.494	5	14.910
	40.573	4	9.550
	44.872	6	23.066
	27.167	7	14.751
